-1.9450
0.5615
0.6284
1.0377
3.1217
0.6435
0.7862
-1.6145
-0.9203
-0.9872
-0.6273
-0.1623
-0.6273
0.4650
-0.1623
0.2545
-2.5100
-0.9630
-0.4140
-0.5217
-0.9203
-0.3852
-1.9650
-0.9872
-0.6273
-0.2679
-0.6273
2.2579
0.2383
-1.0573
-1.0573
-0.6273
0.5949
-0.9872
-0.6832
-1.6702
-1.3780
9.3185
-0.5609
-0.9872
0.4186
0.3594
0.3594
0.3594
0.4263
-1.7092
-1.3780
-0.9203
-1.2646
0.4650
-0.6273
-1.5950
-1.2646
-1.2646
0.0669
0.4650
-0.1623
-0.1623
-0.1623
-2.1524
-2.2809
-1.2335
0.7862
1.1456
-1.3204
-0.5609
-0.9630
1.1675
-1.5441
-0.9630
-2.1506
-2.5100
-1.8250
-2.3607
0.6514
1.1202
2.7799
2.8468
2.7799
-0.4688
2.7799
-1.1362
-0.5217
-0.5609
-1.2646
-2.3808
-0.2774
-0.5814
-0.5814
-0.5814
-0.5814
-0.5814
-0.5814
-0.9872
-0.9630
-1.3204
-1.4318
-1.4318
-1.4318
-1.3204
-1.4318
-1.6268
-2.5124
-0.9352
0.6666
0.6666
0.6666
0.6666
0.6666
0.6666
0.6666
0.6666
0.2383
0.7335
-1.3275
-2.1379
-2.1379
-2.3844
0.3892
0.0669
-1.7867
-0.5814
0.3694
0.9332
-0.5738
-0.5738
0.1717
-1.1490
-1.9502
-0.9872
2.9766
4.7251
4.2563
-0.5814
-1.3597
1.4193
-0.7054
-0.2626
-0.7843
-1.2646
-1.2493
-1.7334
-1.2646
-0.1623
-2.3469
0.0062
-0.5814
-0.7272
-0.3940
-0.3940
-0.9872
0.1435
-0.4688
-0.5814
-2.3607
-2.3469
-1.2646
-2.3469
-1.2646
-0.6220
-0.2626
-0.6258
-0.6258
-0.6220
-1.0908
3.4416
1.0241
2.8619
2.5025
-0.5814
-0.5814
0.3594
-0.4058
-0.6024
-0.2747
-1.2646
-1.5711
-2.3607
-1.9502
-1.2646
-1.4560
-1.2646
-1.2646
-0.9872
-1.2646
-1.9411
-1.2646
-1.9411
-2.4060
-3.7060
0.6015
-0.4058
-0.4058
-0.7074
0.8744
-1.5776
-1.2646
-0.4058
-1.3181
-1.2404
0.2928
-1.1355
-1.2404
0.2928
-1.7092
-1.1982
-1.1982
-1.1982
-1.7334
-1.1982
-0.6765
-1.1982
-1.4566
-0.4225
-0.4225
-0.4058
-2.1732
-1.1422
-0.5217
0.3903
-0.7058
-2.5226
-1.8919
2.9766
-1.8013
-0.4688
-0.4688
-0.0096
-0.4058
-0.3389
-1.4995
-0.8722
0.6129
0.6129
1.2497
-2.1295
-0.8485
-0.6273
-1.6145
-1.5809
-0.4058
-2.4253
-0.6686
-2.2823
-2.2823
-2.2823
-1.5016
-0.9203
-0.9872
-1.3724
-2.3469
-2.3469
-2.2800
-0.4058
-1.3179
-1.3179
-0.7458
-2.8031
-1.7602
-2.8031
-2.8031
-0.7458
-1.5645
-1.7169
-1.1329
-1.2724
-1.2055
-1.3731
1.3553
-0.9872
-0.9872
-0.9872
-0.9203
-1.4560
-1.7215
-0.9872
-1.9083
-1.0502
-2.0878
-0.4058
-1.6151
-0.3852
-0.3852
2.2169
2.5763
2.9111
-2.5583
0.6905
-2.2243
-2.2243
-0.5814
2.8442
0.3594
-0.9630
0.8744
2.4000
1.3394
0.5752
1.4063
0.5752
0.8744
0.8744
-0.1314
-0.6595
-0.6595
-1.1812
-1.0400
-2.1767
-2.1767
1.7388
1.7388
1.2700
1.7388
-1.4995
-1.4995
0.7676
-0.9872
0.6586
2.8558
0.5917
1.0260
0.6586
0.5917
1.3523
-1.6605
-1.2646
-1.2646
-1.2646
-0.9872
-3.0463
-0.9872
0.1229
-1.9549
-1.2646
-1.9592
-1.6588
-1.5776
-0.9872
-1.8919
1.7241
9.3910
1.3647
-1.4182
-2.4054
-2.4054
-0.8115
-2.0678
-0.5145
-0.9872
0.1948
-2.1440
-0.9840
0.8112
-1.6598
-0.5266
-0.5266
-3.6990
-1.8819
-2.2877
-1.8819
-1.8819
-0.5814
-1.7092
-1.2404
-1.7621
-1.8819
-0.6273
-1.6906
-0.9630
-1.2404
-0.5217
-0.5266
-0.5266
3.5972
3.8897
-0.4664
-0.4664
-0.4664
-0.4664
-1.6598
-2.2871
-0.7983
-2.7559
-0.5266
-1.1024
-0.5266
-0.9930
0.0062
0.0062
0.0062
0.0062
-0.7968
0.0062
0.0062
0.0062
0.0062
-0.4058
-0.5266
-0.5266
-0.5266
-0.4058
-0.4980
-0.4980
-0.9630
-0.6036
-0.3082
-0.3082
-1.0732
-0.4899
-0.1206
-0.2125
-0.4899
-0.2125
-2.3469
-0.3852
-0.3852
-0.4946
2.6156
-1.3275
1.7388
-0.9630
1.7388
0.0920
1.7388
-0.9872
-0.4058
0.2021
0.2021
-2.6354
-2.6354
-2.6354
-2.6354
-0.9872
-1.0331
-1.0331
1.1298
1.6651
2.1909
6.2533
2.7190
1.2893
-1.2646
2.3422
-2.1807
-0.5814
-1.7092
-1.7092
-1.2404
-1.2404
-1.7092
-1.7092
-2.6797
-1.7092
-1.1735
0.1907
0.2576
0.1907
0.1907
0.1292
-0.1687
-1.7079
-0.4058
-0.0464
-0.5904
-0.2370
-0.7058
-0.2747
-1.4995
0.3903
-1.8296
-1.8296
-1.8296
-0.9811
-1.7294
-0.5217
-1.8218
-2.2276
5.1275
0.7700
-2.2276
-1.4624
-2.3336
-2.3336
-1.3695
5.1275
-2.2276
-0.5814
-0.8030
-0.0496
-0.9840
-0.2370
-0.2370
-0.6273
-0.2370
-1.4895
-1.0245
-1.0245
-1.0245
-0.9601
-0.9872
-0.9872
-0.9203
-1.0966
-0.9872
-0.3693
-0.4891
-1.3735
1.3825
-0.4688
-2.4897
0.9074
-1.0502
2.9766
-1.0143
0.8744
2.9766
-1.2646
1.2352
-1.2404
-1.2404
-2.2527
0.2861
1.0667
3.0594
2.0722
3.5913
3.9507
3.0594
-0.2928
-0.4058
-0.5298
-1.9452
-1.6145
-1.6145
1.7147
0.7862
-0.5904
0.7862
0.7862
2.4740
-1.3499
-0.9872
-0.9872
-0.5609
0.1679
-0.5814
5.1275
-1.3275
-0.9203
-0.9872
-0.6278
-0.3949
-1.5239
-0.1551
-0.5609
-0.6278
-2.2527
-2.0164
-2.7215
-0.8722
-1.0966
-2.0209
-0.9872
-1.3275
0.3594
0.3594
-0.6739
-0.2051
0.3594
0.4263
-0.6273
0.8244
-0.2220
-1.1818
-0.8840
0.8291
-0.2747
-0.9052
-1.1818
-0.3082
-0.9630
-0.2110
1.5489
-1.1818
0.6197
-0.0096
2.4780
2.5906
-1.3172
1.7914
-0.9840
-0.9442
-1.6598
-1.3275
-0.3869
-0.9872
-0.2913
5.4869
-1.1381
1.2388
-1.6598
-0.9840
-1.6598
-0.9840
-0.5548
-1.7952
-0.5548
-2.2640
-2.6437
-2.0801
-1.9411
-0.9630
-1.0719
-1.6311
-0.6036
1.2388
-0.9872
-0.7927
-1.2615
-0.3082
-0.7927
-2.9076
-2.4388
-2.4388
-3.1217
-0.1623
-1.4756
-0.9872
-0.9203
-0.9872
-0.9872
1.2703
-1.0502
-1.1908
-0.9872
-0.9872
1.5789
0.4263
-0.9872
-1.9548
-0.4058
-0.9872
-0.9203
-1.9548
-1.9548
-2.4236
1.2388
-1.9548
-1.4299
-0.4688
-0.4688
-2.9076
-1.0273
-0.9872
-0.9872
-0.9872
-3.3834
-0.9872
7.1090
1.2388
0.0865
1.2388
-0.4512
1.2388
-0.5814
3.0435
-0.9203
-1.9707
1.2703
-1.6598
-0.9622
-1.3172
-1.9502
-1.5239
-1.4560
-0.2975
10.4155
-0.5266
-0.5266
-0.5266
-1.5016
-2.3985
-2.2800
-0.4058
-0.4058
-0.4055
-0.0461
-0.4055
-0.4055
0.3903
-1.3634
-0.4055
-0.4055
1.8038
-0.5266
2.3107
3.0208
3.0208
1.2352
1.8844
-0.9872
-0.9872
-0.8179
-2.1286
-0.8179
-0.8179
-0.8179
-0.3395
-0.8179
-1.6598
-2.6823
-1.9411
-1.9411
0.3903
4.0242
-1.9411
0.3903
3.0375
-1.9411
0.3903
-3.0662
-1.3724
3.4858
3.4858
-1.9704
-1.5016
-0.4688
-1.9704
-1.1911
-1.8107
-0.2774
-0.2224
3.0594
-0.6645
-0.6645
-0.6645
-0.0096
-0.3435
-0.3435
-0.5217
-2.6084
7.3623
-0.2913
-0.9622
-1.3410
-1.3172
-1.3276
0.1118
0.1787
-0.4829
0.0062
0.0062
-1.1673
-1.4560
0.7226
5.1770
0.9905
0.1254
-1.1931
0.1254
0.9710
0.3903
0.3903
-1.5842
-0.3768
-0.8485
-0.9203
-0.9662
2.5460
-0.6751
-0.6737
-0.9088
-1.0742
-1.9683
-0.4058
-0.4058
-1.6498
-0.4058
-0.4058
1.8208
1.4614
1.4614
-0.9203
-1.2248
-0.6278
-1.7660
-2.2877
-1.5239
0.3903
-0.7927
-0.2370
-0.2370
-0.7058
-0.2370
0.3450
0.8368
0.4555
0.8744
-1.8981
-1.9650
-1.5016
-1.9704
-1.8981
-1.9650
-1.5016
-1.5016
-0.5814
-1.8819
-1.5016
0.3903
-0.1945
-0.8540
-0.1945
0.3903
-1.6654
0.3903
-0.1276
-0.8218
-0.8218
-1.5660
-1.3179
-1.2906
-1.6792
-1.2906
0.1129
0.1129
-0.3728
-2.5923
-1.5016
-1.3735
-1.5016
-0.8227
-1.5016
0.3903
-0.6273
-1.8981
-0.4980
-1.9650
0.3903
-1.9650
-1.6913
-1.9650
-1.9650
-0.5036
-0.8540
-0.3183
-0.3852
-0.5814
-1.5954
-0.5145
0.4263
-0.8883
-1.0449
0.1120
-0.4728
10.0051
-0.4058
-0.4058
-0.6832
-0.6832
-0.6832
-0.4484
-0.8652
-0.8652
-2.5354
-0.5190
-0.9840
-1.4326
-0.8652
-2.0033
-2.0033
-0.5190
-0.5190
-1.3271
-2.0033
-2.4721
-2.0033
1.1015
0.8241
1.1015
-0.8077
0.8948
-0.5623
-0.6789
-1.3780
-1.3780
-1.3780
-1.7215
-2.0479
-1.5856
-1.7215
-1.5856
-1.3780
-1.3276
-1.3780
-1.2592
1.7388
1.7388
-1.2843
-1.2843
2.1616
0.6110
-1.7215
-1.7215
-2.0479
-1.7215
-1.7215
-2.0479
-0.5814
-0.8563
1.1202
1.1202
-2.8411
-2.7866
-0.5814
-2.7866
0.3594
-0.7927
-0.1094
-1.9083
-0.8485
-1.3780
-1.3780
-2.0479
-1.3780
-2.5805
-1.3780
-1.3780
-1.3780
-1.7215
-1.3780
-1.3780
-1.3780
-1.3780
-0.8563
-1.3780
-0.0096
-1.3780
8.6618
-2.1695
1.8682
-1.7215
-0.2317
-0.6818
-2.8000
0.4650
-0.7866
-3.1447
-0.8380
-2.6759
-3.1447
-1.8833
-1.8833
-1.9502
-1.7469
-0.9088
-0.9775
-1.1722
-1.6820
-0.2849
-0.6997
-1.5016
-2.0414
-0.5604
-0.6273
-1.2404
-0.7910
-2.0988
-2.4582
-1.6598
-1.1490
0.2435
-2.5124
-0.5814
-0.7034
0.9929
-0.2849
-0.2849
-0.2849
-0.2180
-0.5643
-0.6720
-0.2849
-0.2849
-0.2849
-0.3614
-1.6598
-0.5266
-2.3607
-1.7019
-0.9872
-0.9872
-1.2335
0.0766
-1.1490
0.1435
-0.4058
-0.8743
-0.9513
1.2352
-0.6163
2.6693
2.6693
2.6693
-0.5814
3.4188
0.3521
-0.3833
0.4577
-1.4560
-2.4236
-1.7963
-0.9872
-0.9872
-1.4560
3.0594
3.0594
-1.3702
-0.8722
-0.9872
-0.4058
-1.6637
0.3903
-1.2646
-2.0538
1.4189
0.3833
-1.0701
-1.0701
-3.2091
0.3074
0.3074
0.8291
-0.0662
0.3074
0.4056
-0.6278
1.2388
1.2388
2.6895
2.6895
-0.4019
1.4063
-0.2326
-0.2072
2.2736
2.6330
2.5510
-2.8497
1.1202
1.1202
-0.5217
-1.9502
-1.9502
-0.9248
-0.9930
-0.9930
-0.9930
-0.9930
0.2383
1.6966
-0.9599
0.5531
2.9766
-0.9599
-1.5107
0.3498
-0.9872
0.8744
0.9413
1.3394
0.8744
0.4511
0.8744
0.8744
-2.4677
-2.4677
0.1798
3.4416
-0.2724
-0.8043
0.0870
-0.5609
0.0870
0.0870
-2.1083
0.4875
3.3360
-1.4995
-0.8883
-0.9840
-0.2370
-0.9872
0.5311
-1.9502
-0.9872
-1.8546
-1.3955
-1.9502
-1.5444
-1.9502
-0.6036
-0.5145
-0.0633
-0.4690
1.1833
0.3903
-0.9872
-0.5814
-0.2220
2.5250
-0.9872
-0.4994
-0.9203
-0.9872
-0.9840
-0.0785
-1.5016
-1.1422
-1.5908
-0.9872
-1.4182
-0.8549
-0.4058
-0.0214
-1.7334
-0.3871
-2.4472
-1.4560
-1.0297
-0.5609
-0.1292
1.7388
-0.3940
-0.7034
-1.6539
1.2388
1.2388
-1.4560
-2.1903
-0.2370
-0.2370
-0.5609
-2.6148
-0.5609
-2.1980
-1.8374
-1.7867
-0.9811
-0.8563
-2.7559
-0.8563
-0.4058
-1.2592
3.0594
1.2388
1.2388
1.2388
1.2388
-2.3985
-0.9872
-0.6273
-0.9203
-1.5016
-1.5016
-1.5016
-1.2646
-1.5016
-0.9121
0.8015
1.2703
0.7862
-0.9052
-2.7869
-2.3181
2.3506
1.4593
1.3656
-0.3852
-0.9203
-2.3469
-1.0502
-0.5217
-1.0502
-0.9872
-0.9872
-0.5814
0.4650
-0.9872
-0.9872
-2.5566
-0.9872
-1.4560
-0.4058
-0.9872
-0.9157
-1.2615
3.9510
1.7388
-2.8582
-0.8383
-0.5145
0.1215
1.0212
0.9543
0.8744
0.8903
0.3686
1.7388
1.7388
1.7388
0.8903
1.7388
-0.5814
0.4215
-0.5814
5.2851
0.8903
5.9776
-0.5609
-0.6273
-0.5814
-2.0209
-0.6939
-0.6939
-0.7708
-0.9872
-0.6278
-0.5145
-1.8792
-0.3852
-1.3894
-0.3852
-0.3852
-1.3845
-1.2646
-1.7466
-0.7801
-2.4882
-0.4058
-1.9278
-0.9052
-0.4688
-1.0263
-1.0263
-0.9872
-1.2430
-0.1542
3.8595
2.9148
-0.9872
2.3791
-0.9872
-0.4058
-0.5814
-2.3336
-1.4560
-1.5617
-0.9491
-1.8218
-0.9203
-0.9872
-0.5904
-1.8563
0.4650
-0.6840
-0.5814
-1.8225
-0.9872
-1.6974
-2.3469
-2.3469
-2.1167
-0.6273
-1.3275
-1.5908
-0.2370
-0.2370
-1.4925
-0.5609
-0.5609
-0.9872
-0.3389
0.8744
2.9766
2.9766
-0.3393
-2.6964
-0.5266
-0.5266
-0.5814
-0.5266
-0.5266
-1.2843
-1.2843
-1.9116
-0.5217
-0.5217
-2.2924
-1.2843
-1.2843
-1.2843
-0.9930
-0.9930
-0.9930
-0.9872
-0.9930
-0.3609
3.7192
-1.5109
-1.1711
-1.1711
1.0574
-1.1711
-1.1711
-1.1711
-1.1711
-1.1711
-1.1711
-2.2276
-0.2370
-0.8652
-0.5814
-1.2646
-1.2646
-0.4688
-2.0538
-1.8248
5.3503
-0.9872
-0.5609
-0.9203
-0.9203
-1.3588
-2.3469
-0.8861
-0.5609
-1.4434
-1.3680
5.9776
-1.2646
5.9776
0.5340
-0.9630
0.8744
-0.3342
-0.3342
-0.6273
8.6697
0.7094
2.7863
-1.4560
-0.2712
0.3656
-1.0400
-1.0130
-1.1889
-3.5590
-2.9317
-1.2409
-2.3663
-1.2404
-2.3663
1.5453
-0.2370
-0.5814
-0.5609
-2.5566
-0.6336
-1.7215
-0.6336
-1.5776
-1.2646
-0.5266
1.3809
0.4688
-0.9872
-1.7831
0.7862
0.9119
-0.9203
-0.5814
-2.1984
-0.2370
-0.2370
-0.3464
-0.2418
1.3458
-0.8141
0.4221
-2.0878
-0.9517
-1.2404
-1.9502
0.5319
-0.6036
-0.9872
-0.4688
0.1435
-2.8157
-0.2774
-0.9930
-1.2803
-0.2747
-0.9020
-0.2078
-0.7397
-1.3670
-1.2843
-1.2843
-1.2843
-1.8325
-0.4058
-0.5217
-0.8999
-0.9630
-1.5903
-0.9872
-0.9872
-0.9872
-2.0538
-2.4588
-2.4588
1.4168
-1.3251
-1.2582
-1.3251
-1.6607
-1.6607
-1.6607
0.8428
-0.7295
-0.1219
6.9788
0.8921
-1.1558
0.2480
-1.0701
-0.2370
-2.2181
-0.2370
-2.0036
-2.7779
-1.4995
-1.4995
0.0852
-0.5609
-1.3013
-1.6627
-0.5217
-0.2370
0.3903
-2.4190
3.1414
-2.2276
-1.9502
-3.2812
-2.8124
-2.5350
-2.5775
-1.3965
-1.9989
-1.9989
-1.3965
-1.2712
-1.6145
-0.9630
-1.2712
-2.0591
-0.9630
-1.4318
-1.2712
-0.2220
-1.7215
0.9679
-1.3965
-2.1462
0.8069
-1.3965
-1.3965
-0.4688
-0.8652
-0.6765
-1.5711
-0.2774
-0.5155
-1.3965
-0.5266
-0.8652
-1.3780
3.1263
0.7862
0.3174
0.8531
1.2699
0.8744
-0.9630
-0.9630
-0.9630
-0.8246
3.1146
1.7731
4.9692
3.1696
2.2735
0.5457
4.0014
-2.2645
0.4356
1.1101
1.0107
-0.0236
-2.0209
-1.3028
-1.4936
-2.3469
-1.9411
-2.5684
1.9863
-1.9283
-3.1447
-0.5609
-2.1980
-0.5217
-1.2646
-0.3082
-1.1977
-1.3702
-1.5365
-1.3702
-0.2849
-0.2849
-0.2849
-0.2849
-0.2849
-0.8722
-0.7241
-1.2646
-0.2849
-0.2849
-1.9035
6.4648
0.4650
-0.9681
-2.3469
0.3903
-0.5636
0.1053
-0.3570
-0.3940
-1.9704
-1.9704
-0.8746
-0.5266
-1.2861
-1.8040
-0.9840
-0.3869
-1.7003
-1.2984
-1.2984
-1.2984
0.4263
-0.9143
-1.1818
-1.1818
-0.7650
-1.1818
-1.1818
-1.1818
-1.1818
-1.8091
-1.1818
-1.1818
-1.1818
-0.9872
-0.9203
-0.9872
-0.5814
-0.9217
-2.3469
0.4461
-1.3004
-0.2370
-0.5814
-2.0833
-1.6570
-0.9872
-0.9872
-1.1490
-0.5814
-1.6814
-0.8838
-0.4316
-1.4560
-2.0833
-1.4560
-0.2849
-0.7816
-0.2849
-0.2849
-0.2849
-0.2849
-0.2849
-0.2849
-0.5643
-0.2849
0.1801
-0.2849
-0.2849
0.1801
-0.8652
-0.2849
-0.6036
1.9124
-0.5814
-0.9872
-1.6598
-0.5814
-1.5711
-1.2646
-2.1984
-1.5239
-0.7754
-0.0096
-2.4298
-2.0033
-2.5250
-2.0033
-1.1520
-0.9630
0.7862
-1.3831
-2.2173
-0.5814
2.0103
-1.3464
-0.9872
1.1871
-0.4058
2.1671
0.0271
-1.7334
0.5020
-0.7397
3.8838
-0.0197
2.6497
-2.3312
-2.3312
-2.3312
-2.6264
-1.5898
-2.2877
2.2976
-1.3597
2.6617
-2.3405
-1.1958
-1.1958
-2.4819
-2.9082
-1.1958
-1.1958
-2.9082
-1.4406
-1.5898
-0.4688
-3.1720
-1.6629
-1.9411
-1.2646
-1.9708
-1.2579
2.9766
